[0.00000,0.00000,0.0]
Links
"1:Start_point00",[-6.69453,6.38392,0.00000],[-7.03215,-4.24763,0.00000],[-7.36976,-14.87918,0.00000],[-7.70738,-25.51072,0.00000],[-8.04499,-36.14227,0.00000],[-8.38261,-46.77382,0.00000],[-8.71786,-57.33110,0.00000],[-9.48403,-68.04816,0.00000],[-10.69323,-79.73041,0.00000],[-11.69759,-90.24347,0.00000],[-12.25986,-101.64576,0.00000],[-12.60130,-111.51154,0.00000],[-12.50002,-122.00626,0.00000],[-12.39953,-132.63855,0.00000],[-12.29827,-143.13194,0.00000],[-11.76740,-153.17946,0.00000],[-12.74670,-167.52738,0.00000],[-5.26411,-168.03809,0.00000],[-4.25389,-153.23717,0.00000],[-4.80018,-142.89779,0.00000],[-4.89988,-132.56618,0.00000],[-5.00036,-121.93538,0.00000],[-5.10004,-111.60510,0.00000],[-4.76625,-101.96017,0.00000],[-4.21519,-90.78508,0.00000],[-3.23004,-80.47314,0.00000],[-2.01162,-68.70182,0.00000],[-1.22636,-57.71768,0.00000],[-0.88639,-47.01187,0.00000],[-0.54877,-36.38032,0.00000],[-0.21116,-25.74877,0.00000],[0.12646,-15.11723,0.00000],[0.46407,-4.48568,0.00000],[0.80169,6.14587,0.00000]
g
"2:aux_1",[-89.42662,-177.02160,0.00000],[-83.34380,-177.16076,0.00000],[-78.95014,-177.57646,0.00000],[-73.66201,-178.13741,0.00000],[-69.08894,-178.55686,0.00000],[-64.64206,-179.11783,0.00000],[-59.90592,-179.53934,0.00000],[-54.90688,-180.08408,0.00000],[-50.74577,-181.48474,0.00000],[-45.85232,-182.04869,0.00000],[-41.04158,-183.43474,0.00000],[-36.86124,-184.30843,0.00000],[-31.42929,-184.45248,0.00000],[-26.29254,-184.31626,0.00000],[-20.84701,-185.78773,0.00000],[-16.25478,-187.75332,0.00000],[-10.17509,-189.31922,0.00000],[-9.55154,-186.89823,0.00000],[-15.44646,-185.37993,0.00000],[-20.02502,-183.42018,0.00000],[-25.99334,-181.80745,0.00000],[-31.42929,-181.95160,0.00000],[-36.57004,-181.81527,0.00000],[-40.43895,-181.00667,0.00000],[-45.35977,-179.58891,0.00000],[-50.19787,-179.03133,0.00000],[-54.36641,-177.62817,0.00000],[-59.65968,-177.05138,0.00000],[-64.37471,-176.63174,0.00000],[-68.81824,-176.07119,0.00000],[-73.41596,-175.64949,0.00000],[-78.70053,-175.08891,0.00000],[-83.19728,-174.66346,0.00000],[-89.36944,-174.52225,0.00000]
g
"3:Sector_2",[-3.85682,-193.56694,0.00000],[20.67533,-196.17106,0.00000],[34.90041,-198.92183,0.00000],[48.45125,-202.96162,0.00000],[56.59843,-207.59142,0.00000],[64.22421,-215.82750,0.00000],[78.63730,-243.44362,0.00000],[85.28623,-239.97348,0.00000],[70.40900,-211.46808,0.00000],[61.31310,-201.64423,0.00000],[51.41336,-196.01850,0.00000],[36.68809,-191.62858,0.00000],[21.78516,-188.74674,0.00000],[-3.06513,-186.10884,0.00000]
g
"4:aux2",[117.25610,-182.46388,0.00000],[106.63555,-180.71948,0.00000],[103.36250,-182.06315,0.00000],[100.67780,-185.21149,0.00000],[83.94581,-239.71274,0.00000],[88.72563,-241.18015,0.00000],[105.15388,-187.66827,0.00000],[106.38143,-186.22873,0.00000],[107.22349,-185.88304,0.00000],[116.44572,-187.39777,0.00000]
g
"5:Sector_3",[81.62684,-247.56198,0.00000],[63.70915,-287.31641,0.00000],[61.31913,-302.13400,0.00000],[52.12457,-323.66356,0.00000],[43.01823,-357.05491,0.00000],[31.15661,-393.06577,0.00000],[22.15472,-407.54243,0.00000],[14.21594,-427.39736,0.00000],[10.45652,-442.55477,0.00000],[4.86530,-466.70575,0.00000],[9.73646,-467.83348,0.00000],[15.31888,-443.72053,0.00000],[18.98617,-428.93458,0.00000],[26.63364,-409.80821,0.00000],[35.71850,-395.19813,0.00000],[47.80788,-358.49579,0.00000],[56.85790,-325.31097,0.00000],[66.15783,-303.53466,0.00000],[68.53983,-288.76680,0.00000],[86.18523,-249.61649,0.00000]
g
"6:Sector_4",[4.99494,-473.44992,0.00000],[10.73580,-503.58380,0.00000],[17.83120,-519.29602,0.00000],[19.40436,-525.12002,0.00000],[26.64486,-523.16424,0.00000],[24.91456,-516.75848,0.00000],[17.93695,-501.30710,0.00000],[12.36243,-472.04633,0.00000]
g
"7:aux3",[-41.91108,-474.29894,0.00000],[-30.22625,-476.82132,0.00000],[-21.85349,-480.17748,0.00000],[7.40927,-500.90858,0.00000],[8.85447,-498.86863,0.00000],[-20.64924,-477.96683,0.00000],[-29.49220,-474.42219,0.00000],[-41.38356,-471.85523,0.00000]
g
"8:aux4",[78.46691,-489.68287,0.00000],[54.98501,-507.65884,0.00000],[38.40691,-516.91860,0.00000],[29.20428,-523.05706,0.00000],[30.59156,-525.13684,0.00000],[39.71213,-519.05311,0.00000],[56.36151,-509.75354,0.00000],[79.98656,-491.66798,0.00000]
g
"9:Sector_5",[24.24768,-534.91834,0.00000],[71.98884,-613.33065,0.00000],[78.39489,-609.43034,0.00000],[30.65373,-531.01803,0.00000]
g
"10:aux5",[9.48077,-658.42847,0.00000],[24.56336,-650.44046,0.00000],[52.75648,-632.30000,0.00000],[73.21288,-619.83884,0.00000],[71.91229,-617.70379,0.00000],[51.42961,-630.18095,0.00000],[23.29968,-648.28075,0.00000],[8.31069,-656.21919,0.00000]
g
"11:Sector_6",[76.16530,-620.38832,0.00000],[81.17843,-630.83811,0.00000],[119.35370,-684.06031,0.00000],[137.98661,-712.28564,0.00000],[160.84806,-753.65048,0.00000],[174.01458,-777.29463,0.00000],[181.40266,-784.42512,0.00000],[223.77756,-863.20636,0.00000],[234.65410,-926.07436,0.00000],[243.09604,-935.82589,0.00000],[244.22520,-939.28464,0.00000],[240.69220,-947.40761,0.00000],[238.08349,-969.78284,0.00000],[245.53303,-970.65138,0.00000],[248.01306,-949.37992,0.00000],[252.23872,-939.66437,0.00000],[249.75633,-932.06053,0.00000],[241.68894,-922.74163,0.00000],[230.96002,-860.72691,0.00000],[187.45331,-779.84146,0.00000],[180.02490,-772.67206,0.00000],[167.40644,-750.01210,0.00000],[144.40818,-708.39972,0.00000],[125.53277,-679.80705,0.00000],[87.65610,-627.00113,0.00000],[82.92742,-617.14429,0.00000]
g
"12:aux6",[87.13502,-1014.43098,0.00000],[113.57144,-1007.82320,0.00000],[151.94142,-999.44301,0.00000],[177.76374,-993.39095,0.00000],[209.74951,-984.38774,0.00000],[234.63059,-977.75176,0.00000],[233.98634,-975.33620,0.00000],[209.08867,-981.97660,0.00000],[177.13952,-990.96951,0.00000],[151.38943,-997.00463,0.00000],[113.00148,-1005.38875,0.00000],[86.52879,-1012.00560,0.00000]
g
"13:Sector_7",[236.86916,-981.30971,0.00000],[236.87002,-1009.41221,0.00000],[236.51866,-1019.93611,0.00000],[226.67247,-1100.40503,0.00000],[227.87511,-1123.11935,0.00000],[229.23490,-1146.36057,0.00000],[229.91330,-1164.68937,0.00000],[230.79438,-1170.18619,0.00000],[240.66834,-1168.60351,0.00000],[239.88388,-1163.70946,0.00000],[239.22409,-1145.88354,0.00000],[237.85965,-1122.56295,0.00000],[236.70477,-1100.75057,0.00000],[246.49833,-1020.71174,0.00000],[246.87002,-1009.57894,0.00000],[246.86916,-981.30940,0.00000]
g
"14:Sector_8",[231.96716,-1172.55004,0.00000],[240.60746,-1218.86377,0.00000],[251.76728,-1259.11083,0.00000],[258.68894,-1284.53391,0.00000],[269.17924,-1330.34994,0.00000],[278.92699,-1328.11804,0.00000],[268.39123,-1282.10347,0.00000],[261.40993,-1256.46132,0.00000],[250.35890,-1216.60661,0.00000],[241.79755,-1170.71608,0.00000]
g
"15:aux7",[201.55571,-1358.78466,0.00000],[203.16953,-1358.38995,0.00000],[204.78366,-1358.00458,0.00000],[206.40095,-1357.62434,0.00000],[208.02345,-1357.24523,0.00000],[209.64650,-1356.86481,0.00000],[211.27127,-1356.47927,0.00000],[212.89645,-1356.08534,0.00000],[214.52114,-1355.67966,0.00000],[216.14441,-1355.25885,0.00000],[217.76535,-1354.81951,0.00000],[219.38262,-1354.35835,0.00000],[224.04093,-1352.95685,0.00000],[229.53573,-1351.76802,0.00000],[234.92814,-1350.37445,0.00000],[239.68297,-1349.09595,0.00000],[244.31480,-1348.16997,0.00000],[248.34531,-1346.07440,0.00000],[252.77573,-1344.32085,0.00000],[257.54132,-1342.40180,0.00000],[262.08432,-1340.60736,0.00000],[265.99065,-1338.58381,0.00000],[270.54417,-1337.02334,0.00000],[269.73371,-1334.65836,0.00000],[265.00508,-1336.27883,0.00000],[261.04747,-1338.32896,0.00000],[256.61517,-1340.07967,0.00000],[251.84877,-1341.99904,0.00000],[247.30593,-1343.79709,0.00000],[243.47656,-1345.78808,0.00000],[239.11274,-1346.66048,0.00000],[234.29078,-1347.95703,0.00000],[228.95841,-1349.33508,0.00000],[223.41549,-1350.53432,0.00000],[218.67968,-1351.95914,0.00000],[217.09555,-1352.41086,0.00000],[215.50371,-1352.84230,0.00000],[213.90463,-1353.25685,0.00000],[212.29916,-1353.65772,0.00000],[210.68820,-1354.04820,0.00000],[209.07264,-1354.43156,0.00000],[207.45295,-1354.81119,0.00000],[205.83213,-1355.18991,0.00000],[204.20729,-1355.57193,0.00000],[202.58228,-1355.95989,0.00000],[200.96176,-1356.35624,0.00000]
g
"16:aux8",[356.35741,-1302.29887,0.00000],[333.83713,-1309.34178,0.00000],[327.99928,-1311.28431,0.00000],[321.01246,-1315.21856,0.00000],[282.33789,-1328.95022,0.00000],[283.17437,-1331.30613,0.00000],[322.05165,-1317.50249,0.00000],[329.01656,-1313.58058,0.00000],[334.60495,-1311.72106,0.00000],[357.10361,-1304.68491,0.00000]
g
"17:Sector_9",[273.48584,-1344.86417,0.00000],[276.75867,-1356.56815,0.00000],[305.45268,-1426.24100,0.00000],[312.52392,-1436.63084,0.00000],[322.57956,-1459.02207,0.00000],[325.90054,-1466.12111,0.00000],[331.35495,-1472.98639,0.00000],[351.98779,-1516.99723,0.00000],[361.04216,-1512.75242,0.00000],[339.91258,-1467.68202,0.00000],[334.46077,-1460.82001,0.00000],[331.67021,-1454.85479,0.00000],[321.28586,-1431.73163,0.00000],[314.30384,-1421.47288,0.00000],[286.23015,-1353.30625,0.00000],[283.11640,-1342.17115,0.00000]
g
"18:Sector_10",[357.46367,-1527.64794,0.00000],[487.09913,-1781.68272,0.00000],[493.77957,-1778.27366,0.00000],[364.14410,-1524.23887,0.00000]
g
"19:aux9",[295.65202,-1550.92066,0.00000],[352.09027,-1526.21200,0.00000],[351.08765,-1523.92186,0.00000],[294.64939,-1548.63051,0.00000]
g
"20:Sector_11",[491.22085,-1789.53218,0.00000],[542.77159,-1894.60695,0.00000],[549.50489,-1891.30353,0.00000],[497.95415,-1786.22876,0.00000]
g
"21:Sector_12",[547.02436,-1903.25306,0.00000],[602.17748,-2011.87588,0.00000],[613.87280,-2036.55028,0.00000],[619.78264,-2053.45976,0.00000],[626.88788,-2066.17121,0.00000],[633.78899,-2080.32710,0.00000],[637.59137,-2089.11503,0.00000],[645.22317,-2101.99647,0.00000],[651.67572,-2098.17356,0.00000],[644.28604,-2085.70080,0.00000],[640.60490,-2077.19307,0.00000],[633.53722,-2062.69552,0.00000],[626.64752,-2050.36966,0.00000],[620.82109,-2033.69883,0.00000],[608.91102,-2008.57137,0.00000],[553.71171,-1899.85756,0.00000]
g
"10000:con1",[-12.73502,-167.35620,0.00000],[-12.78513,-168.20573,0.00000],[-12.82185,-169.10240,0.00000],[-12.84329,-170.02600,0.00000],[-12.84854,-170.97365,0.00000],[-12.83662,-171.94237,0.00000],[-12.80650,-172.92915,0.00000],[-12.75710,-173.93094,0.00000],[-12.68728,-174.94470,0.00000],[-12.59585,-175.96738,0.00000],[-12.48152,-176.99598,0.00000],[-12.34294,-178.02755,0.00000],[-12.17862,-179.05918,0.00000],[-11.98697,-180.08803,0.00000],[-11.76620,-181.11133,0.00000],[-11.51431,-182.12638,0.00000],[-11.22905,-183.13055,0.00000],[-10.90782,-184.12123,0.00000],[-10.54763,-185.09583,0.00000],[-10.14499,-186.05163,0.00000],[-9.69585,-186.98569,0.00000],[-9.19555,-187.89464,0.00000],[-8.63879,-188.77433,0.00000],[-8.01984,-189.61947,0.00000],[-7.33283,-190.42315,0.00000],[-6.57240,-191.17638,0.00000],[-5.73474,-191.86786,0.00000],[-4.81877,-192.48422,0.00000],[-3.82730,-193.01100,0.00000],[-2.76760,-193.43432,0.00000],[-1.65076,-193.74291,0.00000],[-0.58867,-193.91386,0.00000],[0.40379,-186.47708,0.00000],[-0.05128,-186.40383,0.00000],[-0.37043,-186.31564,0.00000],[-0.66744,-186.19700,0.00000],[-0.95531,-186.04405,0.00000],[-1.24318,-185.85034,0.00000],[-1.53578,-185.60880,0.00000],[-1.83392,-185.31348,0.00000],[-2.13565,-184.96051,0.00000],[-2.43754,-184.54830,0.00000],[-2.73561,-184.07734,0.00000],[-3.02600,-183.54977,0.00000],[-3.30532,-182.96887,0.00000],[-3.57080,-182.33865,0.00000],[-3.82029,-181.66360,0.00000],[-4.05219,-180.94841,0.00000],[-4.26539,-180.19791,0.00000],[-4.45920,-179.41689,0.00000],[-4.63326,-178.61014,0.00000],[-4.78745,-177.78238,0.00000],[-4.92190,-176.93825,0.00000],[-5.03689,-176.08232,0.00000],[-5.13283,-175.21910,0.00000],[-5.21027,-174.35304,0.00000],[-5.26980,-173.48855,0.00000],[-5.31214,-172.63002,0.00000],[-5.33803,-171.78181,0.00000],[-5.34829,-170.94828,0.00000],[-5.34377,-170.13382,0.00000],[-5.32541,-169.34289,0.00000],[-5.29417,-168.58002,0.00000],[-5.25007,-167.83239,0.00000]
g
"10001:con2",[-10.44416,-189.24992,0.00000],[-10.11443,-189.41856,0.00000],[-9.78405,-189.58724,0.00000],[-9.45297,-189.75587,0.00000],[-9.12108,-189.92435,0.00000],[-8.78831,-190.09259,0.00000],[-8.45459,-190.26049,0.00000],[-8.12176,-190.42747,0.00000],[-7.78624,-190.59431,0.00000],[-7.44955,-190.76052,0.00000],[-7.11160,-190.92598,0.00000],[-6.77231,-191.09060,0.00000],[-6.43159,-191.25428,0.00000],[-6.08938,-191.41692,0.00000],[-5.74558,-191.57840,0.00000],[-5.40010,-191.73863,0.00000],[-5.05287,-191.89749,0.00000],[-4.70381,-192.05488,0.00000],[-4.35281,-192.21069,0.00000],[-3.99981,-192.36479,0.00000],[-3.64472,-192.51708,0.00000],[-3.28745,-192.66745,0.00000],[-2.92792,-192.81576,0.00000],[-2.56603,-192.96190,0.00000],[-2.20172,-193.10575,0.00000],[-1.83488,-193.24717,0.00000],[-1.46544,-193.38605,0.00000],[-1.09332,-193.52224,0.00000],[-0.71843,-193.65562,0.00000],[-0.34069,-193.78605,0.00000],[0.03790,-193.91313,0.00000],[0.34351,-194.01281,0.00000],[1.15671,-186.55700,0.00000],[0.88714,-186.59226,0.00000],[0.54957,-186.63340,0.00000],[0.21199,-186.67161,0.00000],[-0.12761,-186.70672,0.00000],[-0.46918,-186.73882,0.00000],[-0.81265,-186.76798,0.00000],[-1.15796,-186.79429,0.00000],[-1.50503,-186.81783,0.00000],[-1.85379,-186.83871,0.00000],[-2.20419,-186.85700,0.00000],[-2.55616,-186.87280,0.00000],[-2.90961,-186.88621,0.00000],[-3.26450,-186.89734,0.00000],[-3.62075,-186.90627,0.00000],[-3.97828,-186.91311,0.00000],[-4.33705,-186.91798,0.00000],[-4.69697,-186.92096,0.00000],[-5.05798,-186.92218,0.00000],[-5.42001,-186.92175,0.00000],[-5.78301,-186.91976,0.00000],[-6.14690,-186.91635,0.00000],[-6.51161,-186.91161,0.00000],[-6.87709,-186.90567,0.00000],[-7.24327,-186.89864,0.00000],[-7.61168,-186.89024,0.00000],[-7.97875,-186.88146,0.00000],[-8.34636,-186.87194,0.00000],[-8.71444,-186.86180,0.00000],[-9.08292,-186.85116,0.00000],[-9.45175,-186.84014,0.00000],[-9.82086,-186.82887,0.00000]
g
"10002:con3",[84.00543,-239.51855,0.00000],[83.90925,-239.83531,0.00000],[83.81415,-240.15510,0.00000],[83.72109,-240.47389,0.00000],[83.62985,-240.79159,0.00000],[83.54022,-241.10812,0.00000],[83.45196,-241.42340,0.00000],[83.36431,-241.73937,0.00000],[83.27840,-242.05110,0.00000],[83.19323,-242.36136,0.00000],[83.10860,-242.67004,0.00000],[83.02432,-242.97709,0.00000],[82.94017,-243.28241,0.00000],[82.85519,-243.58877,0.00000],[82.77052,-243.89123,0.00000],[82.68542,-244.19174,0.00000],[82.59970,-244.49022,0.00000],[82.51319,-244.78660,0.00000],[82.42570,-245.08081,0.00000],[82.33706,-245.37276,0.00000],[82.24709,-245.66239,0.00000],[82.15564,-245.94963,0.00000],[82.06254,-246.23441,0.00000],[81.96761,-246.51667,0.00000],[81.87072,-246.79633,0.00000],[81.77169,-247.07335,0.00000],[81.67037,-247.34767,0.00000],[81.56661,-247.61923,0.00000],[81.46026,-247.88799,0.00000],[81.35118,-248.15391,0.00000],[81.23964,-248.41592,0.00000],[81.10214,-248.72614,0.00000],[85.66695,-250.76642,0.00000],[85.82569,-250.40826,0.00000],[85.96456,-250.08207,0.00000],[86.09801,-249.75676,0.00000],[86.22674,-249.43142,0.00000],[86.35101,-249.10618,0.00000],[86.47107,-248.78113,0.00000],[86.58716,-248.45639,0.00000],[86.69953,-248.13205,0.00000],[86.80844,-247.80821,0.00000],[86.91412,-247.48497,0.00000],[87.01681,-247.16242,0.00000],[87.11676,-246.84064,0.00000],[87.21420,-246.51972,0.00000],[87.30935,-246.19975,0.00000],[87.40245,-245.88081,0.00000],[87.49373,-245.56297,0.00000],[87.58340,-245.24633,0.00000],[87.67168,-244.93095,0.00000],[87.75823,-244.61895,0.00000],[87.84460,-244.30555,0.00000],[87.93022,-243.99366,0.00000],[88.01530,-243.68336,0.00000],[88.10002,-243.37472,0.00000],[88.18460,-243.06783,0.00000],[88.26845,-242.76558,0.00000],[88.35309,-242.46322,0.00000],[88.43816,-242.16283,0.00000],[88.52383,-241.86449,0.00000],[88.61030,-241.56828,0.00000],[88.69773,-241.27428,0.00000],[88.78751,-240.97859,0.00000]
g
"10003:con4",[78.51314,-243.20571,0.00000],[78.73938,-243.53849,0.00000],[78.93203,-243.84644,0.00000],[79.11340,-244.17720,0.00000],[79.28224,-244.52954,0.00000],[79.43740,-244.90200,0.00000],[79.57785,-245.29293,0.00000],[79.70268,-245.70052,0.00000],[79.81116,-246.12288,0.00000],[79.90266,-246.55804,0.00000],[79.97670,-247.00400,0.00000],[80.03293,-247.45873,0.00000],[80.07108,-247.92019,0.00000],[80.09101,-248.38635,0.00000],[80.09266,-248.85519,0.00000],[80.07607,-249.32470,0.00000],[80.04133,-249.79292,0.00000],[79.98864,-250.25789,0.00000],[79.91826,-250.71769,0.00000],[79.83050,-251.17045,0.00000],[79.72577,-251.61433,0.00000],[79.59388,-252.07255,0.00000],[84.17418,-254.07847,0.00000],[84.47536,-253.51842,0.00000],[84.76473,-252.91664,0.00000],[85.03139,-252.29937,0.00000],[85.27502,-251.66780,0.00000],[85.49522,-251.02307,0.00000],[85.69153,-250.36628,0.00000],[85.86342,-249.69851,0.00000],[86.01028,-249.02080,0.00000],[86.13142,-248.33417,0.00000],[86.22607,-247.63964,0.00000],[86.29336,-246.93817,0.00000],[86.33232,-246.23078,0.00000],[86.34187,-245.51843,0.00000],[86.32080,-244.80216,0.00000],[86.26779,-244.08301,0.00000],[86.18135,-243.36211,0.00000],[86.05990,-242.64069,0.00000],[85.90166,-241.92012,0.00000],[85.70478,-241.20195,0.00000],[85.46727,-240.48798,0.00000],[85.21075,-239.82886,0.00000]
g
"10004:con5",[4.87981,-466.64306,0.00000],[4.72801,-467.13934,0.00000],[4.61403,-467.68998,0.00000],[4.54364,-468.23503,0.00000],[4.51147,-468.76978,0.00000],[4.51165,-469.29097,0.00000],[4.53833,-469.79665,0.00000],[4.58597,-470.28586,0.00000],[4.64950,-470.75828,0.00000],[4.72435,-471.21394,0.00000],[4.80641,-471.65300,0.00000],[4.89199,-472.07554,0.00000],[4.97773,-472.48147,0.00000],[5.06053,-472.87041,0.00000],[5.13755,-473.24172,0.00000],[5.20618,-473.59436,0.00000],[5.26406,-473.92696,0.00000],[5.30913,-474.23775,0.00000],[5.33973,-474.52462,0.00000],[5.35469,-474.78518,0.00000],[5.35252,-475.01306,0.00000],[5.34681,-475.29689,0.00000],[12.69940,-473.81505,0.00000],[12.52841,-473.32152,0.00000],[12.34345,-472.84388,0.00000],[12.14937,-472.39978,0.00000],[11.94943,-471.98280,0.00000],[11.74721,-471.59047,0.00000],[11.54579,-471.22061,0.00000],[11.34788,-470.87139,0.00000],[11.15587,-470.54136,0.00000],[10.97190,-470.22942,0.00000],[10.79788,-469.93483,0.00000],[10.63548,-469.65718,0.00000],[10.48608,-469.39629,0.00000],[10.35072,-469.15218,0.00000],[10.23008,-468.92493,0.00000],[10.12433,-468.71449,0.00000],[10.03315,-468.52050,0.00000],[9.95576,-468.34190,0.00000],[9.89104,-468.17668,0.00000],[9.83790,-468.02151,0.00000],[9.79571,-467.87163,0.00000],[9.77501,-467.66698,0.00000]
g
"10005:con6",[7.19770,-500.75870,0.00000],[7.78065,-501.32775,0.00000],[8.34391,-501.90638,0.00000],[8.89297,-502.49831,0.00000],[9.42724,-503.10285,0.00000],[9.94618,-503.71932,0.00000],[10.44919,-504.34701,0.00000],[10.93572,-504.98521,0.00000],[11.40519,-505.63320,0.00000],[11.85703,-506.29023,0.00000],[12.29068,-506.95555,0.00000],[12.70558,-507.62841,0.00000],[13.10119,-508.30801,0.00000],[13.47697,-508.99357,0.00000],[13.83240,-509.68427,0.00000],[14.16696,-510.37930,0.00000],[14.48018,-511.07781,0.00000],[14.77158,-511.77897,0.00000],[15.04072,-512.48191,0.00000],[15.28719,-513.18577,0.00000],[15.51026,-513.88900,0.00000],[15.72900,-514.64087,0.00000],[22.54237,-511.50545,0.00000],[22.03648,-510.71175,0.00000],[21.51015,-509.93131,0.00000],[20.96377,-509.16997,0.00000],[20.39799,-508.42712,0.00000],[19.81374,-507.70280,0.00000],[19.21194,-506.99707,0.00000],[18.59349,-506.31001,0.00000],[17.95924,-505.64170,0.00000],[17.31005,-504.99224,0.00000],[16.64675,-504.36173,0.00000],[15.97017,-503.75031,0.00000],[15.28111,-503.15811,0.00000],[14.58038,-502.58529,0.00000],[13.86877,-502.03200,0.00000],[13.14707,-501.49845,0.00000],[12.41606,-500.98481,0.00000],[11.67654,-500.49129,0.00000],[10.92928,-500.01811,0.00000],[10.17508,-499.56551,0.00000],[9.41472,-499.13371,0.00000],[8.65505,-498.72735,0.00000]
g
"10006:con7",[19.38193,-525.03699,0.00000],[19.58617,-525.74352,0.00000],[19.82211,-526.46693,0.00000],[20.07807,-527.17460,0.00000],[20.35194,-527.86691,0.00000],[20.64169,-528.54436,0.00000],[20.94537,-529.20750,0.00000],[21.26109,-529.85697,0.00000],[21.58705,-530.49343,0.00000],[21.92153,-531.11756,0.00000],[22.26287,-531.73004,0.00000],[22.60947,-532.33155,0.00000],[22.95979,-532.92273,0.00000],[23.31232,-533.50422,0.00000],[23.66562,-534.07660,0.00000],[24.01825,-534.64044,0.00000],[24.37062,-535.19905,0.00000],[24.71572,-535.74400,0.00000],[25.05843,-536.28553,0.00000],[25.39482,-536.81983,0.00000],[25.72388,-537.34770,0.00000],[26.04900,-537.87692,0.00000],[32.44728,-533.96383,0.00000],[32.10148,-533.40094,0.00000],[31.75060,-532.83809,0.00000],[31.40063,-532.28220,0.00000],[31.05319,-531.73321,0.00000],[30.70695,-531.18645,0.00000],[30.36940,-530.65131,0.00000],[30.03615,-530.11847,0.00000],[29.71022,-529.59041,0.00000],[29.39279,-529.06683,0.00000],[29.08503,-528.54746,0.00000],[28.78804,-528.03206,0.00000],[28.50290,-527.52042,0.00000],[28.23062,-527.01236,0.00000],[27.97216,-526.50770,0.00000],[27.72840,-526.00626,0.00000],[27.50016,-525.50784,0.00000],[27.28817,-525.01221,0.00000],[27.09309,-524.51908,0.00000],[26.91550,-524.02807,0.00000],[26.75590,-523.53872,0.00000],[26.60523,-523.01753,0.00000]
g
"10007:con8",[29.21050,-523.05291,0.00000],[28.60584,-523.37866,0.00000],[28.01664,-523.80908,0.00000],[27.48023,-524.30890,0.00000],[26.99842,-524.86783,0.00000],[26.57092,-525.47639,0.00000],[26.19616,-526.12643,0.00000],[25.87193,-526.81109,0.00000],[25.59591,-527.52461,0.00000],[25.36597,-528.26202,0.00000],[25.18028,-529.01898,0.00000],[25.03735,-529.79152,0.00000],[24.93608,-530.57598,0.00000],[24.87572,-531.36890,0.00000],[24.85591,-532.16705,0.00000],[24.87668,-532.96739,0.00000],[24.93853,-533.76710,0.00000],[25.04255,-534.56361,0.00000],[25.19051,-535.35459,0.00000],[25.38514,-536.13804,0.00000],[25.63211,-536.91561,0.00000],[25.91412,-537.65539,0.00000],[32.38240,-533.85727,0.00000],[32.06947,-533.54580,0.00000],[31.80701,-533.26745,0.00000],[31.54154,-532.93542,0.00000],[31.28134,-532.56023,0.00000],[31.03176,-532.14874,0.00000],[30.79722,-531.70751,0.00000],[30.58141,-531.24284,0.00000],[30.38746,-530.76078,0.00000],[30.21802,-530.26717,0.00000],[30.07537,-529.76762,0.00000],[29.96137,-529.26758,0.00000],[29.87755,-528.77225,0.00000],[29.82504,-528.28654,0.00000],[29.80465,-527.81496,0.00000],[29.81685,-527.36143,0.00000],[29.86195,-526.92907,0.00000],[29.94039,-526.51988,0.00000],[30.05319,-526.13458,0.00000],[30.20270,-525.77257,0.00000],[30.39337,-525.43243,0.00000],[30.66513,-525.08776,0.00000]
g
"10008:con8",[71.78496,-612.99578,0.00000],[72.02624,-613.39042,0.00000],[72.27119,-613.78818,0.00000],[72.51699,-614.18524,0.00000],[72.75948,-614.57562,0.00000],[73.00063,-614.96326,0.00000],[73.24010,-615.34833,0.00000],[73.47755,-615.73098,0.00000],[73.71527,-616.11563,0.00000],[73.94854,-616.49530,0.00000],[74.17881,-616.87306,0.00000],[74.40579,-617.24905,0.00000],[74.62917,-617.62342,0.00000],[74.84866,-617.99631,0.00000],[75.06395,-618.36786,0.00000],[75.27478,-618.73822,0.00000],[75.48086,-619.10751,0.00000],[75.68194,-619.47587,0.00000],[75.87776,-619.84345,0.00000],[76.06806,-620.21037,0.00000],[76.25091,-620.57337,0.00000],[76.52260,-621.13310,0.00000],[83.27728,-617.87355,0.00000],[82.97398,-617.24870,0.00000],[82.74630,-616.79670,0.00000],[82.51650,-616.35364,0.00000],[82.28331,-615.91590,0.00000],[82.04716,-615.48328,0.00000],[81.80846,-615.05556,0.00000],[81.56765,-614.63252,0.00000],[81.32512,-614.21397,0.00000],[81.08127,-613.79968,0.00000],[80.83649,-613.38946,0.00000],[80.59117,-612.98309,0.00000],[80.34569,-612.58038,0.00000],[80.10040,-612.18114,0.00000],[79.85747,-611.78805,0.00000],[79.61285,-611.39383,0.00000],[79.36950,-611.00252,0.00000],[79.12776,-610.61394,0.00000],[78.88798,-610.22791,0.00000],[78.65281,-609.84801,0.00000],[78.41876,-609.46793,0.00000],[78.18370,-609.08349,0.00000]
g
"10009:con9",[73.06134,-619.93115,0.00000],[73.46384,-619.79956,0.00000],[73.79212,-619.75002,0.00000],[74.08522,-619.75223,0.00000],[74.35433,-619.79603,0.00000],[74.61267,-619.87638,0.00000],[74.87182,-619.99335,0.00000],[75.13940,-620.14998,0.00000],[75.41873,-620.34981,0.00000],[75.70993,-620.59529,0.00000],[76.01133,-620.88720,0.00000],[76.32058,-621.22476,0.00000],[76.63524,-621.60603,0.00000],[76.95318,-622.02827,0.00000],[77.27261,-622.48823,0.00000],[77.59211,-622.98240,0.00000],[77.91064,-623.50711,0.00000],[78.22740,-624.05864,0.00000],[78.54184,-624.63324,0.00000],[78.85363,-625.22720,0.00000],[79.16259,-625.83688,0.00000],[79.46867,-626.45867,0.00000],[79.77198,-627.08907,0.00000],[80.07274,-627.72466,0.00000],[80.37130,-628.36213,0.00000],[80.66788,-628.99789,0.00000],[80.96396,-629.63024,0.00000],[81.25960,-630.25511,0.00000],[81.55622,-630.87039,0.00000],[81.85535,-631.47393,0.00000],[82.15907,-632.06400,0.00000],[82.45760,-632.62146,0.00000],[88.57376,-628.28050,0.00000],[88.20688,-627.89045,0.00000],[87.82932,-627.47575,0.00000],[87.43174,-627.02457,0.00000],[87.01662,-626.54246,0.00000],[86.58591,-626.03456,0.00000],[86.14145,-625.50607,0.00000],[85.68369,-624.96020,0.00000],[85.21454,-624.40255,0.00000],[84.73462,-623.83681,0.00000],[84.24471,-623.26696,0.00000],[83.74544,-622.69689,0.00000],[83.23731,-622.13038,0.00000],[82.72070,-621.57113,0.00000],[82.19586,-621.02277,0.00000],[81.66284,-620.48889,0.00000],[81.12152,-619.97303,0.00000],[80.57152,-619.47878,0.00000],[80.01219,-619.00974,0.00000],[79.44254,-618.56970,0.00000],[78.86120,-618.16270,0.00000],[78.26643,-617.79331,0.00000],[77.65622,-617.46686,0.00000],[77.02863,-617.18987,0.00000],[76.38239,-616.97042,0.00000],[75.71804,-616.81824,0.00000],[75.03933,-616.74417,0.00000],[74.35427,-616.75855,0.00000],[73.67486,-616.86872,0.00000],[73.01474,-617.07696,0.00000],[72.38550,-617.38038,0.00000],[71.82661,-617.75598,0.00000]
g
"10010:con10",[238.09751,-969.66256,0.00000],[237.97517,-970.26335,0.00000],[237.86542,-970.88470,0.00000],[237.76937,-971.50212,0.00000],[237.68562,-972.11511,0.00000],[237.61280,-972.72319,0.00000],[237.54956,-973.32593,0.00000],[237.49457,-973.92294,0.00000],[237.44653,-974.51385,0.00000],[237.40419,-975.09828,0.00000],[237.36632,-975.67589,0.00000],[237.33173,-976.24633,0.00000],[237.29927,-976.80925,0.00000],[237.26792,-977.36589,0.00000],[237.23623,-977.90843,0.00000],[237.20383,-978.44917,0.00000],[237.16928,-978.97827,0.00000],[237.13178,-979.49793,0.00000],[237.09047,-980.00774,0.00000],[237.04455,-980.50729,0.00000],[236.98820,-980.69496,0.00000],[236.86916,-981.19367,0.00000],[246.86918,-981.78062,0.00000],[246.87824,-981.19215,0.00000],[246.80357,-980.29190,0.00000],[246.72792,-979.70304,0.00000],[246.64751,-979.12405,0.00000],[246.56355,-978.55462,0.00000],[246.47722,-977.99444,0.00000],[246.38976,-977.44581,0.00000],[246.30177,-976.89898,0.00000],[246.21490,-976.36636,0.00000],[246.12975,-975.84021,0.00000],[246.04732,-975.32188,0.00000],[245.96850,-974.81112,0.00000],[245.89414,-974.30768,0.00000],[245.82504,-973.81131,0.00000],[245.76198,-973.32173,0.00000],[245.70569,-972.83868,0.00000],[245.65689,-972.36185,0.00000],[245.61625,-971.89091,0.00000],[245.58444,-971.42549,0.00000],[245.56210,-970.96518,0.00000],[245.55236,-970.48560,0.00000]
g
"10011:con11",[234.32493,-977.83328,0.00000],[235.05085,-977.81747,0.00000],[235.53749,-977.94304,0.00000],[235.90368,-978.15832,0.00000],[236.22067,-978.46814,0.00000],[236.52372,-978.90607,0.00000],[236.81115,-979.49472,0.00000],[237.06882,-980.23445,0.00000],[237.28512,-981.11188,0.00000],[237.45413,-982.10841,0.00000],[237.57450,-983.20441,0.00000],[237.64785,-984.38070,0.00000],[237.67761,-985.61885,0.00000],[237.66831,-986.90121,0.00000],[237.62514,-988.21073,0.00000],[237.55371,-989.53093,0.00000],[237.45990,-990.84575,0.00000],[237.34973,-992.13963,0.00000],[237.22937,-993.39749,0.00000],[237.10503,-994.60494,0.00000],[236.98302,-995.74697,0.00000],[236.86963,-996.81389,0.00000],[244.36963,-996.81366,0.00000],[244.25848,-995.75460,0.00000],[244.13687,-994.58980,0.00000],[244.00152,-993.34017,0.00000],[243.84911,-992.02266,0.00000],[243.67626,-990.65478,0.00000],[243.47951,-989.25339,0.00000],[243.25531,-987.83484,0.00000],[242.99991,-986.41504,0.00000],[242.70931,-985.00939,0.00000],[242.37911,-983.63281,0.00000],[242.00423,-982.29956,0.00000],[241.57850,-981.02313,0.00000],[241.09392,-979.81628,0.00000],[240.53954,-978.69131,0.00000],[239.89984,-977.66155,0.00000],[239.15361,-976.74553,0.00000],[238.27708,-975.97556,0.00000],[237.25898,-975.40617,0.00000],[236.12497,-975.10285,0.00000],[234.93669,-975.10238,0.00000],[233.80336,-975.38500,0.00000]
g
"10012:con11",[230.79772,-1170.20704,0.00000],[230.87370,-1170.63171,0.00000],[230.97053,-1171.08371,0.00000],[231.07701,-1171.51578,0.00000],[231.19060,-1171.92820,0.00000],[231.30895,-1172.32140,0.00000],[231.42995,-1172.69591,0.00000],[231.55169,-1173.05234,0.00000],[231.67245,-1173.39125,0.00000],[231.79070,-1173.71318,0.00000],[231.90508,-1174.01861,0.00000],[232.01391,-1174.30670,0.00000],[232.11750,-1174.58134,0.00000],[232.21358,-1174.83912,0.00000],[232.30183,-1175.08131,0.00000],[232.38165,-1175.30791,0.00000],[232.45261,-1175.51886,0.00000],[232.51446,-1175.71406,0.00000],[232.56715,-1175.89344,0.00000],[232.61083,-1176.05695,0.00000],[232.64327,-1176.19370,0.00000],[232.70001,-1176.47829,0.00000],[242.51905,-1174.58347,0.00000],[242.41490,-1174.06118,0.00000],[242.30835,-1173.61200,0.00000],[242.19658,-1173.19358,0.00000],[242.07936,-1172.79450,0.00000],[241.95890,-1172.41428,0.00000],[241.83714,-1172.05232,0.00000],[241.71587,-1171.70807,0.00000],[241.59668,-1171.38097,0.00000],[241.48097,-1171.07053,0.00000],[241.37047,-1170.77757,0.00000],[241.26492,-1170.49817,0.00000],[241.16665,-1170.23574,0.00000],[241.07601,-1169.98896,0.00000],[240.99365,-1169.75783,0.00000],[240.92007,-1169.54240,0.00000],[240.85557,-1169.34276,0.00000],[240.80026,-1169.15903,0.00000],[240.75405,-1168.99125,0.00000],[240.71662,-1168.83938,0.00000],[240.68745,-1168.70320,0.00000],[240.65736,-1168.53498,0.00000]
g
"10013:con12",[269.19090,-1330.40087,0.00000],[274.28742,-1347.73070,0.00000],[283.89999,-1344.97336,0.00000],[278.87063,-1327.87187,0.00000]
g
"10014:con13",[282.29118,-1328.96681,0.00000],[280.86580,-1329.47736,0.00000],[279.56321,-1330.40749,0.00000],[278.49078,-1331.62011,0.00000],[277.63595,-1333.02941,0.00000],[276.97163,-1334.57535,0.00000],[276.47338,-1336.21423,0.00000],[276.12298,-1337.90917,0.00000],[275.90751,-1339.62599,0.00000],[275.81825,-1341.33252,0.00000],[275.85062,-1342.99988,0.00000],[275.98752,-1344.52721,0.00000],[283.25028,-1342.64992,0.00000],[282.77884,-1341.61632,0.00000],[282.35948,-1340.50201,0.00000],[282.00189,-1339.28713,0.00000],[281.72831,-1338.02383,0.00000],[281.55679,-1336.76090,0.00000],[281.50122,-1335.54519,0.00000],[281.57019,-1334.42083,0.00000],[281.76604,-1333.42510,0.00000],[282.08848,-1332.57899,0.00000],[282.55176,-1331.87766,0.00000],[283.29005,-1331.26506,0.00000]
g
"10015:con14",[270.08886,-1337.17937,0.00000],[270.79283,-1337.26200,0.00000],[271.23281,-1337.53682,0.00000],[271.65441,-1337.98869,0.00000],[272.09156,-1338.66214,0.00000],[272.51705,-1339.55139,0.00000],[272.90346,-1340.61397,0.00000],[273.23556,-1341.79522,0.00000],[273.50713,-1343.03813,0.00000],[273.71714,-1344.28566,0.00000],[273.86729,-1345.48062,0.00000],[273.96999,-1346.59554,0.00000],[281.17447,-1344.50984,0.00000],[280.59009,-1343.33006,0.00000],[279.89220,-1342.03521,0.00000],[279.09825,-1340.69959,0.00000],[278.21504,-1339.36777,0.00000],[277.24659,-1338.08449,0.00000],[276.19173,-1336.89451,0.00000],[275.04029,-1335.84495,0.00000],[273.76993,-1334.99509,0.00000],[272.35851,-1334.44094,0.00000],[270.84500,-1334.32879,0.00000],[269.48009,-1334.74527,0.00000]
g
"10016:con15",[351.76066,-1516.51275,0.00000],[352.36603,-1517.59013,0.00000],[352.93896,-1518.67527,0.00000],[353.50278,-1519.80417,0.00000],[354.06317,-1520.97173,0.00000],[354.62625,-1522.17196,0.00000],[355.19962,-1523.40102,0.00000],[355.79015,-1524.65144,0.00000],[356.40609,-1525.91792,0.00000],[357.05591,-1527.19438,0.00000],[357.75228,-1528.48310,0.00000],[358.72852,-1530.12656,0.00000],[365.43246,-1526.76353,0.00000],[364.81119,-1525.16697,0.00000],[364.41867,-1524.01922,0.00000],[364.04343,-1522.83014,0.00000],[363.68200,-1521.60929,0.00000],[363.32669,-1520.35788,0.00000],[362.96960,-1519.07790,0.00000],[362.60145,-1517.76914,0.00000],[362.21367,-1516.43508,0.00000],[361.79624,-1515.07700,0.00000],[361.33868,-1513.69710,0.00000],[360.84818,-1512.33865,0.00000]
g
"10017:con16",[351.56918,-1526.44013,0.00000],[352.21704,-1526.32521,0.00000],[352.80152,-1526.31694,0.00000],[353.37461,-1526.38965,0.00000],[353.94449,-1526.53753,0.00000],[354.51626,-1526.75773,0.00000],[355.09154,-1527.04843,0.00000],[355.66916,-1527.40737,0.00000],[356.24621,-1527.83129,0.00000],[356.81883,-1528.31575,0.00000],[357.38284,-1528.85535,0.00000],[357.93400,-1529.44392,0.00000],[358.46819,-1530.07471,0.00000],[358.98145,-1530.74051,0.00000],[359.46998,-1531.43377,0.00000],[359.93013,-1532.14662,0.00000],[360.35833,-1532.87085,0.00000],[360.75111,-1533.59789,0.00000],[361.10503,-1534.31871,0.00000],[361.41665,-1535.02363,0.00000],[361.68256,-1535.70210,0.00000],[361.92006,-1536.38072,0.00000],[368.56272,-1532.89762,0.00000],[368.01550,-1532.11920,0.00000],[367.39930,-1531.31161,0.00000],[366.73793,-1530.51499,0.00000],[366.03449,-1529.73228,0.00000],[365.29207,-1528.96731,0.00000],[364.51374,-1528.22456,0.00000],[363.70255,-1527.50895,0.00000],[362.86145,-1526.82580,0.00000],[361.99331,-1526.18073,0.00000],[361.10083,-1525.57970,0.00000],[360.18659,-1525.02901,0.00000],[359.25298,-1524.53542,0.00000],[358.30228,-1524.10626,0.00000],[357.33681,-1523.74962,0.00000],[356.35925,-1523.47461,0.00000],[355.37319,-1523.29143,0.00000],[354.38398,-1523.21135,0.00000],[353.39977,-1523.24605,0.00000],[352.43217,-1523.40620,0.00000],[351.49588,-1523.69947,0.00000],[350.64941,-1524.11372,0.00000]
g
"10018:con17",[486.92922,-1781.34976,0.00000],[487.19282,-1781.86454,0.00000],[487.45966,-1782.38235,0.00000],[487.72867,-1782.90152,0.00000],[487.99612,-1783.41535,0.00000],[488.26375,-1783.92762,0.00000],[488.53138,-1784.43842,0.00000],[488.79882,-1784.94784,0.00000],[489.06589,-1785.45598,0.00000],[489.33241,-1785.96293,0.00000],[489.59821,-1786.46878,0.00000],[489.86310,-1786.97361,0.00000],[490.12692,-1787.47752,0.00000],[490.38949,-1787.98059,0.00000],[490.65063,-1788.48291,0.00000],[490.91216,-1788.98844,0.00000],[491.17023,-1789.49011,0.00000],[491.42635,-1789.99129,0.00000],[491.68036,-1790.49207,0.00000],[491.93209,-1790.99253,0.00000],[492.18106,-1791.49210,0.00000],[492.48360,-1792.10601,0.00000],[499.21690,-1788.80259,0.00000],[498.90114,-1788.16182,0.00000],[498.63850,-1787.63480,0.00000],[498.37482,-1787.11059,0.00000],[498.10997,-1786.58844,0.00000],[497.84413,-1786.06825,0.00000],[497.57750,-1785.54993,0.00000],[497.31197,-1785.03667,0.00000],[497.04401,-1784.52121,0.00000],[496.77582,-1784.00735,0.00000],[496.50758,-1783.49497,0.00000],[496.23946,-1782.98400,0.00000],[495.97166,-1782.47433,0.00000],[495.70435,-1781.96588,0.00000],[495.43771,-1781.45856,0.00000],[495.17192,-1780.95227,0.00000],[494.90716,-1780.44693,0.00000],[494.64360,-1779.94245,0.00000],[494.38142,-1779.43873,0.00000],[494.12270,-1778.93940,0.00000],[493.86409,-1778.43755,0.00000],[493.60487,-1777.93134,0.00000]
g
"10019:con18",[542.47948,-1894.01156,0.00000],[542.91659,-1894.90404,0.00000],[543.35362,-1895.79868,0.00000],[543.79102,-1896.69525,0.00000],[544.22924,-1897.59354,0.00000],[544.66873,-1898.49330,0.00000],[545.10994,-1899.39432,0.00000],[545.55168,-1900.29300,0.00000],[545.99729,-1901.19499,0.00000],[546.44600,-1902.09755,0.00000],[546.89828,-1903.00045,0.00000],[547.35445,-1903.90315,0.00000],[554.04180,-1900.50766,0.00000],[553.59811,-1899.62962,0.00000],[553.15680,-1898.74863,0.00000],[552.71731,-1897.86461,0.00000],[552.27919,-1896.97779,0.00000],[551.84077,-1896.08586,0.00000],[551.40451,-1895.19494,0.00000],[550.96830,-1894.30187,0.00000],[550.53170,-1893.40689,0.00000],[550.09425,-1892.51022,0.00000],[549.65551,-1891.61209,0.00000],[549.21503,-1890.71271,0.00000]
EndLinks
PedestrianAreas
EndPedestrianAreas
